3 7 1 9	0 4 6 2	8 5 3 1	7 0 9 suma 20
8 2 5 6 1 9 3 7 4 0 2 8 6 1 5 suma 36
4 0 9 3 7 2 5 8 1 6 4 9 0 3 7 suma 24
6 1 8 5 4 0 9 3 2 7 6 1 8 5 4 suma 38
2 9 3 7 6 1 8 4 0 5 2 9 3 7 6 suma 28
7 4 0 2 8 5 1 9 6 3 7 4 0 2 8 suma 34
5 6 2 1 9 3 7 0 4 8 5 6 2 1 9 suma 28
1 3 7 8 2 6 4 5 9 0 1 3 7 8 2 suma 30
9 8 4 0 5 7 2 1 3 6 9 8 4 0 5 suma 32
0 5 6 4 3 8 9 7 1 2 0 5 6 4 3 suma 30
3 7 1 9 0 4 6 2 8 5 3 7 1 9 0 suma 20
8 2 5 6 1 9 3 7 4 0 8 2 5 6 1 suma 36
4 0 9 3 7 2 5 8 1 6 4 0 9 3 7 suma 24
6 1 8 5 4 0 9 3 2 7 6 1 8 5 4 suma 38
2 9 3 7 6 1 8 4 0 5 2 9 3 7 6 suma 28